Result

0        407353
1	 77792

'tp': 70596,  77792
'tn': 313000,  407353
'fp': 94353, 
'fn': 7196, 
'precision': 0.43,
'recall': 0.91 
'f1_score': 0.58


0	164463	 
1	486

'tp': 477, 486
'tn': 131950, 164463
'fp': 32513, 
'fn': 9, 
'precision': 0.014, 
'recall': 0.98,
'f1_score': 0.038,


'tp': 475, 'tn': 135247, 'fp': 29216, 'fn': 11, 'accuracy': 0.8228118994355831, 'precision': 0.015998113906565626, 'recall': 0.9773662551239225, 'f1_score': 0.03148092886754517}}

